600
1200
400
400
400
1200
2100
1200
2100
400
400
930
1200
600
1200
2100
400
400
400
400
600
930
1200
1800
400
400
2017B
400
1200
2100
930
1200
1800
400
400
600
1200
600
400
1200
2100
1200
600
1200
1200
400
600
930
1200
930
1200
400
930
1200
1800
400
930
400
1200
400
1200
2100
400
1200
2100
930
1200
1800
600
400
1200
2100
400
400
930
1200
400
1200
2100
930
1200
2400
600
600
930
1200
1800
930
1800
1200
600
930
1200
930
400
1200
2100
400
930
1200
600
400
1200
2100
400
2017A
930
1200
2400
400
930
1200
400
1200
2100
600
930
1200
2400
930
1200
2400
400
1200
2100
400
600
1200
400
1200
2100
930
1200
2400
400
400
400
600
1200
930
1200
2400
400
930
1200
400
600
2400
600
400
400
1200
2100
930
1200
1800
930
600
930
1200
400
400
400
400
1200
400
2017A
930
1800
1200
930
1800
1200
600
930
1200
400
1200
2100
930
1200
1800
2100
1200
930
1200
1800
930
400
1200
2100
600
1200
400
400
930
930
1200
1800
600
930
1200
600
600
930
1200
400
2100
1200
400
400
400
400
400
1200
2100
400
1200
930
2100
400
600
930
1200
1200
400
2100
600
930
1200
400
600
1200
400
2100
930
1200
1800
930
400
930
1200
1800
400
1200
2100
400
930
1800
400
930
1800
2400
2400
400
1200
400
2100
400
930
1800
2400
930
1200
1800
400
1200
2100
400
2100
2400
400
600
1200
600
930
1200
930
1200
1800
400
1200
2100
400
400
400
1200
2100
930
2100
1200
400
600
1200
400
1200
2100
1200
400
2100
600
930
400
400
930
400
1200
400
2100
400
930
2100
400
600
400
1200
2100
400
2100
930
400
1200
2100
400
600
1200
400
1200
2100
400
1200
2100
400
930
600
930
1200
400
1200
2100
600
400
400
400
1800
2100
400
930
1200
400
1200
2100
600
930
1200
930
1200
400
930
400
400
1200
2100
930
1800
2100
930
1200
2400
600
930
1200
400
930
1200
1800
400
1200
2100
600
930
1200
400
600
600
600
600
600
2100
400
600
930
400
600
930
400
600
400
400
600
400
930
2100
400
400
400
1200
930
600
400
1200
2100
400
600
1200
1200
400
2100
400
600
400
400
400
400
600
600
