400
930
1200
400
600
1200
600
930
2100
400
1200
2100
400
930
1200
400
930
2019B
1200
400
600
2018B
1200
600
400
1800
1200
400
400
1800
2100
400
1200
2100
400
1200
600
400
930
1200
400
600
400
930
1200
400
400
400
930
400
600
1200
600
930
2100
400
1200
2100
400
400
400
400
400
2100
400
930
1800
400
400
1200
2100
400
930
600
400
930
1200
600
930
1200
930
400
1200
2100
600
930
2100
930
400
1200
400
400
600
1200
1200
930
400
930
400
1200
400
1200
2100
400
400
400
2019A
400
930
400
1200
2100
2100
930
400
930
1200
400
930
1200
400
1200
2100
930
400
1200
400
1200
2100
600
400
2100
2400
600
400
400
930
400
1200
2100
400
930
1200
400
930
1200
930
400
1200
400
600
400
1200
2100
2100
400
930
400
1200
400
1200
2100
930
400
1200
1800
400
400
400
930
1200
400
600
400
400
930
1200
400
400
600
1200
930
400
930
1200
400
1200
2100
400
2019A
400
600
930
400
400
400
1200
2100
400
930
1200
400
1200
2100
2100
400
400
1200
2100
400
400
930
1200
400
400
400
400
1200
2100
400
400
1200
2100
400
930
1200
400
600
1200
600
930
2100
400
1200
400
2100
400
400
1200
400
1200
2100
2100
400
930
400
1200
2100
400
2100
400
1200
1200
400
1200
2100
400
1200
400
400
1200
1200
930
400
400
2100
2100
600
